year,week,loc,state,country,loc_type,number,event
1981,25,ROCHESTER,NY,US,CITY,91,DEATHS
